0.918972000000000
0.239766900000000
0.626381000000000
0.419646000000000
0.510279000000000
0.375347000000000
0.922236000000000
0.732918000000000
0.951407000000000
0.351048000000000
0.610108000000000
0.678086000000000
0.966562000000000
0.111824900000000
0.533822000000000
0.599604000000000
0.919015000000000
0.422872000000000
0.332173000000000
0.457072000000000
0.638167000000000
0.775234000000000
0.650236000000000
0.013076600000000
0.137997800000000
0.185927300000000
0.323430000000000
0.350137000000000
0.102648000000000
0.676473000000000
0.031472500000000
0.753620000000000
0.633584000000000
0.076957000000000
0.295105000000000
0.744558000000000
0.181436000000000
0.106573000000000
0.156467000000000
0.488891000000000
0.144822000000000
0.181064000000000
0.220422700000000
0.019604000000000
0.334279000000000
0.384748000000000
0.399541700000000
0.351965000000000
0.702625000000000
0.096903000000000
0.844760000000000
0.013189000000000
0.736643000000000
0.521216000000000
0.591670000000000
0.868274000000000
0.897402000000000
0.993901000000000
0.581766000000000
0.314374000000000
0.548711000000000
0.939612000000000
0.575670000000000
0.030295700000000
0.760387000000000
0.978144000000000
0.179587000000000
0.928357000000000
0.475863000000000
0.964696000000000
0.103856000000000
0.991301000000000
0.152909500000000
0.561376000000000
0.559774000000000
0.152899000000000
0.692158000000000
0.437820700000000
0.395392000000000
0.817332000000000
