0.943972
0.0397669
0.601381
0.619646
0.885279
0.775347
0.347236
0.732918
0.951407
0.976048
0.485108
0.628086
0.966562
0.0868249
0.558822
0.599604
0.937765
0.372872
0.332173
0.457072
0.338167
0.850234
0.518986
0.0130766
0.0629978
0.0859273
0.27968
0.150137
0.102648
0.476473
0.0314725
0.75362
0.589834
0.145707
0.595105
0.744558
0.131436
0.306573
0.406467
0.463891
0.269822
0.231064
0.0204227
0.544604
0.334279
0.384748
0.0245417
0.351965
0.952625
0.121903
0.84476
0.013189
0.761643
0.921216
0.24167
0.693274
0.597402
0.993901
0.931766
0.139374
0.348711
0.614612
0.52567
0.0302957
0.760387
0.878144
0.929587
0.703357
0.275863
0.814696
0.478856
0.391301
0.0779095
0.436376
0.734774
0.377899
0.492158
0.0940707
0.151642
0.773582
